Boosters
[423, 293, 132]

Shields
[119, 64]

Jellos
[88, 22]

Yarns
[216, 46]

Screen Usage
[263, 9, 9, 9]

High Score Interaction
[263, 102]

Time per Level
[[25.9, 24.9, 24.6, 26.3, 24.8, 107.9, 27.7, 19.8, 18.9, 28.1, 27.1, 15.6, 35, 29.8, 17.4, 37.8, 17.4, 24.6, 19, 16.1, 14.7, 24.6, 16.6, 14.7, 8.3, 8.2, 59.7, 40.1, 18, 29.5, 40.2, 36.9, 68.2, 28, 27.5, 8.2, 18.9, 47.5, 40.3, 84.9, 19, 16.3, 16.4, 16.7, 17.2, 9.7, 26.3, 65.8, 18, 29.8, 26.5, 36.9, 15.5, 19.9, 14.9, 8.8, 18.8, 18.8, 15.1, 14.5, 19.3, 10.4, 9.6, 10.3, 9.3, 8.7, 9.8, 9.5, 10.5, 18.7, 9.7, 8.7, 9.7, 15, 8.9, 9.2, 19.4, 9.5, 9.2, 8.7, 9.1, 8.9, 8.4, 8.6], [82.6, 45.3, 15.5, 11.3, 10.8, 11.2, 11.4, 10.3, 11.2, 11.5, 35, 49.5, 47.3, 31.1, 40.1, 24.6, 24.4, 59.9, 42.3, 28.1, 39.6, 52.2, 27.3, 14.6, 15.6, 18.2, 25.3, 31.2, 29.3, 34.1, 32, 34.8, 22.1, 24.3, 22.2, 31.3, 29.5, 22.9, 18.5, 18.8, 18.9, 19.1, 18.8, 28.5, 13.5, 13.1, 30.9, 30.4, 18.5, 20.1, 31.8, 21, 15.1, 19.8, 12.7], [25.2, 27.6, 38, 25.7, 26.1, 28.1, 17.4, 55.9, 29.5, 39.7, 26.2, 28.7, 49.1, 76.2, 66.8, 36.6, 38, 106.8, 19.1, 27.3, 19.7, 27.6, 25.9, 19.3, 17.8, 37.4, 17.6, 19.3, 27.7], [27.6, 16, 15.2, 11.4, 27.7, 23.2, 16.1, 71.9, 27.1, 44, 32.1, 25.3, 22.6], [17.6, 34.7, 8.9, 7.1, 17.9, 17.7, 24.5, 26.5, 17.8, 19.3], [44.5, 23.8, 34.6, 38.7, 47.4], [34.8, 17.6, 41.7, 40.8], [16.8, 33.6], [14.4], []]

Time between Last Cheese and Door per Level
[[0.748, 0.533, 0.182, 0.41400000000000003, 0.183, 3.612, 3.5780000000000003, 4.327, 4.428, 3.412, 2.979, 0.47900000000000004, 11.138, 14.684000000000001, 0.382, 20.599, 2.712, 0.179, 4.5120000000000005, 0.183, 0.498, 0.183, 0.182, 0.182, 0.183, 0.182, 0.183, 15.937000000000001, 3.895, 11.026, 14.754, 12.757, 3.7110000000000003, 3.713, 3.479, 0.532, 4.495, 22.829, 23.796, 0.181, 2.778, 2.3970000000000002, 2.331, 2.928, 3.1950000000000003, 2.5460000000000003, 0.631, 0.179, 2.779, 14.403, 2.88, 18.381, 0.531, 0.182, 0.183, 0.182, 4.694, 3.545, 0.34900000000000003, 0.182, 0.181, 0.183, 0.182, 0.182, 0.182, 0.298, 0.183, 0.182, 0.183, 11.42, 0.182, 0.182, 0.182, 0.182, 0.184, 0.183, 0.181, 0.181, 0.181, 0.183, 0.181, 0.182, 0.184, 0.182], [1.714, 1.498, 0.916, 2.364, 2.048, 2.148, 2.1310000000000002, 2.064, 2.13, 2.015, 4.578, 1.464, 2.18, 1.449, 1.981, 1.449, 1.316, 1.8800000000000001, 2.415, 1.214, 2.097, 1.215, 1.199, 2.164, 2.132, 2.198, 1.199, 1.1320000000000001, 2.114, 2.431, 3.896, 4.945, 1.464, 4.313, 1.315, 1.448, 1.215, 2.065, 2.148, 2.065, 2.031, 2.032, 2.064, 0.914, 2.08, 2.048, 1.115, 1.1320000000000001, 2.098, 0.916, 1.1480000000000001, 3.729, 2.081, 2.864, 2.031], [8.092, 2.946, 3.48, 9.059000000000001, 10.307, 3.7800000000000002, 2.299, 28.244, 2.531, 3.18, 2.947, 3.396, 24.263, 32.44, 40.25, 10.324, 19.901, 72.506, 2.064, 9.274000000000001, 1.998, 2.065, 12.754, 2.281, 2.081, 19.400000000000002, 2.065, 2.065, 2.065], [2.697, 1.282, 1.183, 1.665, 1.3820000000000001, 1.514, 1.232, 1.448, 1.5150000000000001, 5.7780000000000005, 1.331, 1.133, 1.998], [1.599, 21.049, 2.68, 0.899, 0.982, 3.9290000000000003, 0.849, 1.514, 4.396, 5.912], [6.46, 6.344, 7.86, 2.5140000000000002, 2.614], [3.48, 1.381, 0.065, 1.299], [0.964, 1.849], [1.3820000000000001], []]

Max Level Reached
[179, 29, 26, 16, 3, 5, 1, 2, 1, 1, 0]

